# Created by Octave 10.3.0, Wed Jan 14 13:57:04 2026 UTC <unknown@PC-20250319HTXK>
# name: rndstate
# type: uint32 matrix
# ndims: 2
 625 1
 232082487
 2435944136
 1332800994
 3582585536
 2240033345
 3309648036
 122935061
 1851819857
 3162050966
 653569155
 321060571
 2208743826
 3394231451
 3758778448
 1361416493
 1393149306
 1211924172
 4209990442
 2618322540
 1733256955
 1165039922
 1086879622
 2964717939
 2282786960
 505512971
 624439903
 2644455244
 1018354181
 1903661833
 55871482
 3990256625
 3451018149
 1535275533
 3108488996
 2629853831
 631455087
 2511284421
 4252818677
 283252505
 3027868374
 1002533512
 3881769035
 2177163293
 832573257
 2073848528
 1244529823
 2071956654
 3714760590
 852466174
 2041828894
 4126486658
 2630960916
 1623141884
 1963718732
 3519751487
 2115558415
 4204410280
 3280510412
 4194326479
 4253653074
 626952627
 549636949
 3919681993
 2901517874
 575021784
 359523280
 1729793245
 3126477521
 1492401396
 249220187
 857934445
 2556537620
 3890395092
 2260384036
 2576014776
 3327946353
 1698695769
 2644211902
 4100492481
 692433075
 1052679358
 2920019400
 808004405
 2461821857
 4022999580
 4248126011
 3598691147
 1371244387
 992837743
 2862490184
 1376502634
 322664130
 1593017553
 2325227058
 2125824683
 2971241006
 3336451896
 1453823654
 1378084281
 2387033596
 871100594
 1233133411
 392761171
 1122036097
 3570633742
 385875776
 1049754384
 1738576293
 1088849917
 4232843947
 1827176201
 2824354065
 1649227224
 3806464004
 2321603209
 2315075469
 3934135114
 3043548704
 3577052306
 712112528
 1326692982
 4121198805
 2170705656
 1342443250
 3421996237
 3144188756
 1506972087
 2962872234
 574847248
 102478927
 389348078
 3129116675
 184426285
 2818040556
 1720953811
 2170180148
 2025242684
 1269166086
 1221432429
 3376828030
 346214945
 1519390219
 120178066
 82338285
 1736071541
 320110556
 614120825
 945982889
 4143090267
 3219339099
 389622822
 236770270
 3519724507
 1746722234
 1356198393
 3338515685
 2431315626
 293492970
 3584429950
 398129439
 3149555644
 3427255764
 4095689028
 2890113729
 1174293113
 3267403068
 287973090
 3594889593
 356087134
 3936329300
 2507015520
 687032509
 1667451138
 1294040088
 1110184959
 2909469954
 3312607415
 12339209
 1437803085
 2275537604
 1029824119
 3757137384
 2373764292
 3347016894
 1060141404
 3387345916
 518527359
 3633482597
 2245809832
 944182845
 89916053
 66075837
 2490737740
 718419495
 918468187
 653665704
 3560582870
 1264668906
 181852542
 3116726880
 3503553823
 2629657630
 8367015
 1473014507
 1050131117
 2999294191
 3814063162
 2115529189
 91963389
 2261837359
 311819658
 2693097838
 2898973563
 174888381
 2269976678
 3415256229
 1755902848
 1736140082
 3069567006
 2323019084
 1174105708
 3067581766
 1078679544
 2535309204
 2894389510
 1504983597
 251994903
 43038997
 1830030037
 761195886
 1605052663
 2905720019
 4205578985
 3487293670
 3201851703
 2164703710
 193853951
 1216242452
 1450883956
 3941507200
 3210520575
 3048127477
 1551732679
 350062380
 524232736
 2945976216
 3323997166
 2502811107
 2974359356
 181249900
 1802105306
 3689923630
 3570274957
 531134776
 3497941800
 2911271332
 3263049852
 3752329995
 2831836584
 119428163
 797909651
 752285052
 2745249827
 2101876260
 3758249952
 788531502
 2023540039
 1556919516
 671700566
 3578590582
 2869530588
 1581483758
 4111411727
 257055256
 2055324501
 2058870427
 2410390189
 70425030
 3956233070
 1989058933
 613240787
 1069585237
 2166146125
 3164162405
 617798766
 3409100050
 2942557262
 4081273075
 415435072
 1084587849
 3404770636
 3296051421
 2926988184
 534952668
 3665418758
 2847397571
 496358918
 3099722243
 714312173
 2577739955
 1912437380
 1248200334
 2170252746
 978591477
 57368729
 3202129650
 46585824
 2528209054
 1345035476
 2886913903
 4216796697
 2579118865
 1465638486
 2616003394
 232697666
 3068385841
 3856839726
 3848005665
 2730469557
 3472956908
 1573715030
 386086586
 243696090
 2176240027
 4124759354
 2348606593
 759736254
 2402317606
 1925228088
 2382526779
 3859254562
 2020825084
 2724250629
 1507863015
 588504134
 2628301058
 2109916628
 3295516152
 1684564421
 3576519234
 3995113505
 1812288935
 23520666
 904552195
 1722859275
 3692811990
 3247851413
 2222730802
 4092409294
 2711175037
 121605785
 518982053
 1941680412
 3680944231
 3252020835
 4010827147
 2546529204
 1913576569
 1051528336
 3611086295
 4254362807
 408305094
 2101772513
 627604691
 580149363
 3854381783
 3194760223
 3278079664
 2196720999
 3500854561
 650019414
 4008545817
 1595200861
 2788649015
 1901764078
 692665274
 3737381969
 1742018389
 3408514758
 3706889875
 195211357
 2972101649
 2977789515
 2026628064
 3079849635
 432119927
 1049047305
 1088320660
 2484416213
 1002973701
 3185684798
 1076475757
 1946516157
 4043925193
 2009031641
 4074261467
 1535133868
 655358207
 3266711895
 3904181194
 70321617
 2015027513
 3202545350
 4006382006
 613678785
 3139086272
 1303946331
 4206716892
 3504415126
 3436868101
 1482272730
 3196563618
 3108535905
 4053066751
 1912707073
 2570501867
 2003158131
 1163219510
 4202976248
 593663337
 1745541966
 3628850017
 2539783918
 1333180782
 1933821759
 2695457197
 3410629682
 3810602700
 575461333
 3915185176
 2146697392
 2073587858
 1545443340
 3191750022
 2240038578
 271952962
 2633320402
 2953350918
 3541351174
 619651020
 2777773597
 2029056485
 3721613217
 3586109809
 3613448251
 1694001645
 623602236
 4262398928
 1854635768
 3152838170
 1825288128
 3794406205
 1950807708
 1356248242
 2025587488
 208100845
 207495532
 2549644211
 539462362
 511260703
 557140845
 2420978058
 1970113662
 471257316
 4203468847
 2386989514
 3992509579
 320554648
 3276491824
 3459659067
 2239096130
 219372864
 4181174986
 193624666
 1805939170
 2935767452
 3799072688
 350180794
 2819619888
 846739291
 3992594353
 2565938811
 1550597750
 3956177551
 3705797970
 3092114212
 1549955407
 1699423503
 3459487255
 2522228935
 1724733575
 2371558167
 1910639315
 2971881554
 3709917316
 766341236
 1148709460
 3683237006
 1925778515
 2343901472
 3075870088
 4016668147
 96824214
 854893332
 1867272840
 2658236184
 2487434978
 2243444848
 322046558
 2241418117
 3841304431
 1605161135
 3338610750
 607731996
 412983926
 3767800892
 3242181178
 304756277
 3247160583
 2453572134
 161519327
 905740031
 1584265298
 3261465063
 478863591
 3529583563
 1353507329
 3287418673
 4288845940
 2709766400
 4184122502
 1844034117
 3131557033
 380569536
 84904678
 2407136272
 3359943332
 3499129372
 602622179
 2890063862
 1927952803
 1440489308
 672810883
 2870605429
 157512809
 1849924242
 787903154
 1051210404
 1050685938
 1553375072
 2091115229
 2882133716
 2802312575
 1962257143
 4140593935
 3072605923
 6761477
 1085699868
 2908006909
 3967742110
 3139592793
 121179112
 3235299351
 4125574364
 4150000979
 437121140
 3892009900
 714986414
 271548438
 3193186922
 3376980149
 37226507
 1236619576
 1452214955
 1713225188
 3257208356
 3449042241
 793009899
 3895023784
 3718505256
 1208040332
 305205371
 2926351177
 1891871897
 3560798365
 1520417541
 122630369
 4192882828
 95569005
 1400505393
 1205657915
 3532763565
 2190801881
 1443463837
 4110631120
 2351122690
 2976101739
 3975779882
 966649550
 1241974996
 1039094405
 1432525211
 2678685517
 3972044798
 768948646
 1669776292
 3039720118
 877289511
 1362153083
 3219547614
 998680616
 4119770147
 4265264333
 1640338801
 1608678735
 4003157258
 768743547
 744711494
 3829033782
 2083620119
 2362502219
 2792442554
 1468883565
 3294781032
 257


